camera_matrix:
- [537.2935664440648, 0.0, 338.885796976514]
- [0.0, 537.3463332298219, 239.51307451714968]
- [0.0, 0.0, 1.0]
dist_coeff:
- [-0.26414171452614005, -0.01081006194775476, 0.0024085010892978967, -0.0013927426642066176,
  0.19857245962014172]
