camera_matrix:
- [679.6540602296675, 0.0, 396.3763140474715]
- [0.0, 586.9377318862216, 209.91126888590324]
- [0.0, 0.0, 1.0]
dist_coeff:
- [-0.7128223095726547, 1.8670154948408584, 0.00375200105677159, 0.03324127706019914,
  -1.8337939984097815]
